{
 "cells": [
  {
   "cell_type": "code",
   "execution_count": 1,
   "metadata": {},
   "outputs": [],
   "source": [
    "from cellcalc import get_primitive_hkl, MID, get_pri_vec_inplane\n",
    "from interface_generator import core, print_near_axis, convert_vector_index,d_hkl,three_dot,cross_plane, get_right_hand\n",
    "from csl_generator import print_list, getsigmas, get_theta_m_n_list\n",
    "from numpy import array\n",
    "from numpy import array, dot, round\n",
    "from numpy.linalg import inv, norm\n",
    "import numpy as np\n",
    "import glob\n",
    "import shutil\n",
    "import os\n",
    "from cellcalc import get_primitive_hkl, get_pri_vec_inplane, get_normal_index, MID\n",
    "from interface_generator import core, print_near_axis, convert_vector_index, write_trans_file\n",
    "from numpy import array, dot, round, cross, ceil\n",
    "from numpy.linalg import inv, det, norm\n",
    "from numpy import cross, dot, ceil\n",
    "from numpy.linalg import norm, inv\n",
    "\n",
    "import numpy as np\n",
    "import pandas as pd\n",
    "import shutil\n",
    "import os\n",
    "import math\n",
    "import glob\n",
    "from scipy.spatial import distance\n",
    "import matplotlib.pyplot as plt\n",
    "from numpy.linalg import inv, norm\n",
    "from numpy import dot\n",
    "\n",
    "from Element import Element"
   ]
  },
  {
   "cell_type": "code",
   "execution_count": 96,
   "metadata": {},
   "outputs": [],
   "source": [
    "fcc_names = [\"Ag\",\"Al\",\"Au\",\"Cu\",\"Ni\",\"Pb\",\"Pd\",\"Pt\"]\n",
    "bcc_names = [\"Fe\",\"Mo\",\"Nb\",\"Ta\",\"V\",\"W\"]"
   ]
  },
  {
   "cell_type": "code",
   "execution_count": 97,
   "metadata": {},
   "outputs": [],
   "source": [
    "axises = [\"100\",\"110\",\"111\"]"
   ]
  },
  {
   "cell_type": "code",
   "execution_count": null,
   "metadata": {},
   "outputs": [],
   "source": []
  },
  {
   "cell_type": "code",
   "execution_count": 2,
   "metadata": {},
   "outputs": [],
   "source": [
    "def get_a_b(CSL, axis):\n",
    "    hkl_perp_axis = MID(CSL, axis)\n",
    "    a, b = get_pri_vec_inplane(hkl_perp_axis, CSL).T\n",
    "\n",
    "    if(norm(cross(axis,[1,0,0])) < 1e-8):\n",
    "        b = a + b\n",
    "    elif (norm(cross(axis,[1,1,1])) < 1e-8):\n",
    "        if dot(a,b) < 0:\n",
    "            b = a + b\n",
    "        b = a + b\n",
    "    if (abs(norm(a) - norm(b)) < 1e-8):\n",
    "        raise RuntimeError ('the tow vectors are identical!')\n",
    "\n",
    "    return a.T, b.T"
   ]
  },
  {
   "cell_type": "code",
   "execution_count": 3,
   "metadata": {},
   "outputs": [],
   "source": [
    "def get_expansion_xyz(cell):\n",
    "    exp_x = ceil(100/norm(cell[:,0]))\n",
    "    exp_y = ceil(20/norm(cell[:,1]))\n",
    "    exp_z = ceil(20/norm(cell[:,2]))\n",
    "    return exp_x, exp_y, exp_z"
   ]
  },
  {
   "cell_type": "code",
   "execution_count": 4,
   "metadata": {},
   "outputs": [],
   "source": [
    "def define_bicrystal_regions(xhi):\n",
    "    tol = 1e-5\n",
    "    \"\"\"\n",
    "    generate a file defining some regions in the LAMMPS and define the atoms\n",
    "    inside these regions into some groups.\n",
    "    argument:\n",
    "    region_names --- list of name of regions\n",
    "    region_los --- list of the low bounds\n",
    "    region_his --- list of the hi bounds\n",
    "    \"\"\"\n",
    "    end_fixbulk1 = xhi/2-30\n",
    "    start_fixbulk2 = xhi/2+30\n",
    "    start_middle = xhi/2-20\n",
    "    end_middle = xhi/2+20\n",
    "    start_right = xhi/2 - tol\n",
    "    start_bulk = 160\n",
    "    end_bulk = 165\n",
    "\n",
    "\n",
    "    with open('blockfile', 'w') as fb:\n",
    "        fb.write('region fixbulk1 block EDGE {0:.16f} EDGE EDGE EDGE EDGE units box \\n'.\\\n",
    "        format(end_fixbulk1))\n",
    "        fb.write('region fixbulk2 block {0:.16f} EDGE EDGE EDGE EDGE EDGE units box \\n'.\\\n",
    "        format(start_fixbulk2))\n",
    "        fb.write('region middle block {0:.16f} {1:.16f} EDGE EDGE EDGE EDGE units box \\n'.\\\n",
    "        format(start_middle,end_middle))\n",
    "        fb.write('region right block {0:.16f} EDGE EDGE EDGE EDGE EDGE units box \\n'.\\\n",
    "        format(start_right))\n",
    "        fb.write('region left block EDGE {0:.16f} EDGE EDGE EDGE EDGE units box \\n'.\\\n",
    "        format(start_right))\n",
    "        fb.write('region bulk block {0:.16f} {1:.16f} EDGE EDGE EDGE EDGE units box \\n'.\\\n",
    "        format(start_bulk,end_bulk))\n",
    "        fb.write('group fixbulk1 region fixbulk1 \\n')\n",
    "        fb.write('group fixbulk2 region fixbulk2 \\n')\n",
    "        fb.write('group middle region middle \\n')\n",
    "        fb.write('group right region right \\n')\n",
    "        fb.write(\"group left region left \\n\")\n",
    "        fb.write('group bulk region bulk \\n')"
   ]
  },
  {
   "cell_type": "code",
   "execution_count": 5,
   "metadata": {},
   "outputs": [],
   "source": [
    "def define_bicrystal_regions2(xhi):\n",
    "    half_cell = xhi/2\n",
    "    text = f\"\"\"\n",
    "\n",
    "displace_atoms right move ${{tx}} ${{ty}} ${{tz}} units box\n",
    "\n",
    "group left_dash region left \n",
    "\n",
    "group deleted_atoms subtract left_dash left\n",
    "\n",
    "displace_atoms deleted_atoms move {half_cell} 0 0 units box\n",
    "\n",
    "group fixbulk1_dash region fixbulk1 \n",
    "group fixbulk2_dash region fixbulk2 \n",
    "group middle_dash region middle \n",
    "group bulk_dash region bulk\n",
    "            \"\"\"\n",
    "    with open(\"blockfile2\", \"w\") as f:\n",
    "        f.writelines(text)"
   ]
  },
  {
   "cell_type": "code",
   "execution_count": 6,
   "metadata": {},
   "outputs": [],
   "source": [
    "def get_thetas(axis,max_sigma):\n",
    "    theta_list = []\n",
    "    sigma_list = []\n",
    "    lists, thetas = getsigmas(axis, max_sigma)\n",
    "    return thetas"
   ]
  },
  {
   "cell_type": "code",
   "execution_count": 7,
   "metadata": {},
   "outputs": [],
   "source": [
    "class core2(core):\n",
    "    def __init__(self, file_1, file_2):\n",
    "        super().__init__(file_1,file_2)\n",
    "    def compute_stgb(self, axis, plane_n, lim = 20, tol = 1e-10):\n",
    "        \"\"\"\n",
    "        compute the transformation to obtain the supercell of the two slabs forming a interface\n",
    "        argument:\n",
    "        hkl --- miller indices of the plane expressed in lattice_1\n",
    "        lim --- the limit searching for a CSL vector cross the plane\n",
    "        normal_ortho --- whether limit the vector crossing the GB to be normal to the GB\n",
    "        plane_ortho --- whether limit the two vectors in the GB plane to be orthogonal\n",
    "        tol --- tolerance judging whether orthogonal\n",
    "        \"\"\"\n",
    "        hkl = MID(self.lattice_1,plane_n)\n",
    "        self.d1 = d_hkl(self.lattice_1, hkl)\n",
    "        lattice_2 = three_dot(self.R, self.D, self.lattice_2)\n",
    "        hkl_2 = get_primitive_hkl(hkl, self.lattice_1, lattice_2)\n",
    "        self.d2 = d_hkl(lattice_2, hkl_2)\n",
    "        hkl_c = get_primitive_hkl(hkl, self.lattice_1, self.CSL) # miller indices of the plane in CSL\n",
    "        hkl_c = np.array(hkl_c)\n",
    "        \n",
    "        #plane_n = dot(self.lattice_1,hkl)\n",
    "        axis_cartesian = dot(self.conv_lattice_1,axis)\n",
    "        v1 = cross_plane(lattice=self.CSL, n=plane_n, lim=lim,  orthogonal=True, tol=tol) # a CSL basic vector cross the plane\n",
    "        v2 = cross_plane(lattice=self.CSL, n=axis_cartesian, lim=lim, orthogonal=True, tol=tol)\n",
    "        v3_cartesian = cross(v1,v2)\n",
    "        v3 = cross_plane(lattice=self.CSL, n=v3_cartesian, lim=lim, orthogonal=True, tol=tol)\n",
    "        supercell = np.column_stack((v1,v2,v3)) # supercell of the bicrystal\n",
    "        supercell = get_right_hand(supercell) # check right-handed\n",
    "\n",
    "\n",
    "        self.bicrystal_U1 = np.array(np.round(dot(inv(self.lattice_1), supercell),8),dtype = int)\n",
    "        self.bicrystal_U2 = np.array(np.round(dot(inv(self.lattice_2_TD), supercell),8),dtype = int)\n",
    "        self.cell_calc.compute_CNID(hkl)\n",
    "        CNID = self.cell_calc.CNID\n",
    "        self.CNID = dot(self.lattice_1, CNID)"
   ]
  },
  {
   "cell_type": "code",
   "execution_count": 37,
   "metadata": {},
   "outputs": [],
   "source": [
    "def delete_layer(hkl,element):\n",
    "    sigma = int(np.square(hkl).sum())\n",
    "    if sigma%2==0:\n",
    "        sigma = int(sigma/2)\n",
    "    else:\n",
    "        pass\n",
    "    base = 1/2*np.array([1,1,1])\n",
    "    projected_base = np.dot(base,hkl)/np.linalg.norm(hkl)\n",
    "    dx = element.getLatP()*projected_base\n",
    "    \n",
    "    with open(\"proto.in\",\"w\") as f:\n",
    "        text = f\"\"\"\n",
    "variable na equal {sigma}\n",
    "\n",
    "label loopa # a label where loop a starts\n",
    "variable a loop ${{na}} # define a 'loop' variable\n",
    "\n",
    "variable dx equal \"{dx}\"\n",
    "\n",
    "variable tx equal \"(-v_dx*(v_a-1))\" # displacement in x direction\n",
    "variable ty equal 0 # displacement in y direction \n",
    "variable tz equal 0 # displacement in z direction\n",
    "\n",
    "# end end of defining looping parameter------------------\n",
    "\n",
    "\n",
    "\n",
    "clear\n",
    "\n",
    "#Initialize Simulation --------------------- \n",
    "units metal \n",
    "dimension 3 \n",
    "boundary s p p\n",
    "atom_style atomic\n",
    "atom_modify map array\n",
    "# ---------- Create Atoms --------------------- \n",
    "read_data ./atominfile\n",
    "include ./blockfile\n",
    "\n",
    "mass 1 {element.mass()} # \n",
    "\n",
    "# ---------- Define Interatomic Potential --------------------- \n",
    "pair_style meam\n",
    "pair_coeff * * library.meam {element.element} {element.element}.meam {element.element}\n",
    "neighbor 2.0 bin \n",
    "neigh_modify delay 10 check yes \n",
    "\n",
    "\n",
    "include ./blockfile2\n",
    "\n",
    "group right_dash_dash region right\n",
    "\n",
    "displace_atoms right_dash_dash move -1 0 0 units box\n",
    "\n",
    "# ---------- Compute properties of bulk --------------------- \n",
    "#0.excess energy\n",
    "compute eng all pe/atom \n",
    "compute eatoms all reduce sum c_eng \n",
    "compute emiddle middle_dash reduce sum c_eng\n",
    "compute bulk_dis bulk_dash displace/atom \n",
    "compute hulk_dis_ave_x bulk_dash reduce ave c_bulk_dis[1]\n",
    "# ---------- Calculate excess values ---------------------\n",
    "#per atom properties in Cu crystal \n",
    "variable minimumenergy equal {element.grand()}\n",
    "variable gbarea equal \"ly * lz\" \n",
    "\n",
    "\n",
    "# ---------- Run Minimization ---------------------\n",
    "reset_timestep 0\n",
    "\n",
    "velocity fixbulk1_dash zero linear\n",
    "fix fixbulk1 fixbulk1_dash setforce 0.0 0.0 0.0\n",
    "\n",
    "velocity fixbulk2_dash zero linear\n",
    "fix fixbulk2 fixbulk2_dash setforce NULL 0.0 0.0\n",
    "\n",
    "min_style cg \n",
    "minimize 1.0e-10 1.0e-10 50000 100000 \n",
    "\n",
    "#--------- RBT right atoms -------- \n",
    "\n",
    "thermo 10000 \n",
    "thermo_style custom step lx ly lz c_emiddle temp c_hulk_dis_ave_x\n",
    "dump            1 all custom 1 final_${{a}} id type x y z c_eng \n",
    "run 0\n",
    "\n",
    "#4.excess energy\n",
    "variable esum equal \"v_minimumenergy * count(middle_dash)\" \n",
    "variable xseng equal \"c_emiddle - (v_minimumenergy * count(middle_dash))\" \n",
    "variable gbe equal \"(c_emiddle - (v_minimumenergy * count(middle_dash)))/v_gbarea\" \n",
    "variable gbemJm2 equal ${{gbe}}*16021.7733 \n",
    "variable gbernd equal round(${{gbemJm2}}) \n",
    "variable ave_dis_x equal c_hulk_dis_ave_x\n",
    "\n",
    "\n",
    "#----------- output calculation result of each loop into results file \n",
    "#print \"Grain Boundary energy (meV) = ${{gbemJm2}};\"\n",
    "#print \"All done!\" \n",
    "\n",
    "#----------- output calculation result of each loop into results file \n",
    "print \"${{a}} ${{tx}} ${{gbemJm2}}\" append results\n",
    "\n",
    "#then go to the outter loop\n",
    "next a\n",
    "jump proto.in loopa\n",
    "        \"\"\"\n",
    "        f.writelines(text)"
   ]
  },
  {
   "cell_type": "code",
   "execution_count": 29,
   "metadata": {},
   "outputs": [
    {
     "data": {
      "text/plain": [
       "'/homenfs1/yhata/calc/220509/make_bicrystal/220502'"
      ]
     },
     "execution_count": 29,
     "metadata": {},
     "output_type": "execute_result"
    }
   ],
   "source": [
    "os.getcwd()"
   ]
  },
  {
   "cell_type": "code",
   "execution_count": 28,
   "metadata": {},
   "outputs": [],
   "source": [
    "os.chdir(\"..\")"
   ]
  },
  {
   "cell_type": "code",
   "execution_count": 35,
   "metadata": {},
   "outputs": [],
   "source": [
    "def get_gb_files(interface,axis,hkl,element):\n",
    "    interface.compute_stgb(axis, hkl, lim = 10, tol = 1e-5)\n",
    "    half_cell = dot(interface.lattice_1, interface.bicrystal_U1)\n",
    "    x,y,z = get_expansion_xyz(half_cell)\n",
    "    xhi = 2*x*norm(half_cell[:,0])\n",
    "    \n",
    "#     hkl_name = get_primitive_hkl(hkl, interface.lattice_1, interface.conv_lattice_1)\n",
    "    hkl_name = np.array(np.round(dot(inv(interface.conv_lattice_1), hkl),8),dtype = int)\n",
    "    hkl_name = np.array(hkl_name, dtype=int)\n",
    "    hkl_name_num = hkl_name.copy()\n",
    "    hkl_name = np.array(np.sort(np.abs(hkl_name))[::-1]/np.gcd.reduce(np.sort(np.abs(hkl_name))[::-1]),dtype=int)\n",
    "    hkl_x, hkl_y, hkl_z = hkl_name\n",
    "    axis_x, axis_y, axis_z = axis\n",
    "    dirname = f\"{axis_x}{axis_y}{axis_z}_{str(hkl_x)}_{str(hkl_y)}_{str(hkl_z)}_gb\"\n",
    "    os.makedirs(dirname,exist_ok=True)\n",
    "    os.chdir(dirname) \n",
    "    \n",
    "    if (axis == [1,1,1]):    \n",
    "        interface.get_bicrystal(xyz_1 = [x,y,z], xyz_2 =[x,y,z],filename = 'atominfile', filetype='LAMMPS',mirror = True)\n",
    "    else:\n",
    "        interface.get_bicrystal(xyz_1 = [x,y,z], xyz_2 =[x,y,z],filename = 'atominfile', filetype='LAMMPS',mirror = False)\n",
    "\n",
    "    define_bicrystal_regions(xhi)\n",
    "    define_bicrystal_regions2(xhi)\n",
    "    \n",
    "    with open(f\"{element.element}.meam\",\"w\") as f:\n",
    "        f.writelines(element.meam())\n",
    "\n",
    "    with open(\"library.meam\",\"w\") as f:\n",
    "        f.writelines(element.library_meam())\n",
    "\n",
    "    with open(\"proto.in\",\"w\") as f:\n",
    "        f.writelines(element.proto())\n",
    "\n",
    "    delete_layer(np.array(hkl_name),element)\n",
    "        \n",
    "    os.chdir(os.pardir)"
   ]
  },
  {
   "cell_type": "code",
   "execution_count": 10,
   "metadata": {},
   "outputs": [],
   "source": [
    "def get_all_STGBs(axis,element,max_sigma):\n",
    "\n",
    "    cif_filename = glob.glob(f\"/homenfs1/yhata/python_script/{element.element}/*.cif\")[0]\n",
    "\n",
    "    my_interface = core2(cif_filename, cif_filename)\n",
    "    my_interface.parse_limit(du = 1e-4, S  =  1e-4, sgm1=max_sigma, sgm2=max_sigma, dd = 1e-4)\n",
    "    factor = element.getLatP()/(norm(my_interface.conv_lattice_1[:,0]))\n",
    "    my_interface.lattice_1 =  my_interface.lattice_1*factor\n",
    "    my_interface.lattice_2 =  my_interface.lattice_2*factor\n",
    "    my_interface.conv_lattice_1 =  my_interface.conv_lattice_1*factor\n",
    "    my_interface.conv_lattice_2 =  my_interface.conv_lattice_2*factor  \n",
    "    my_interface.lattice_1 = my_interface.conv_lattice_1\n",
    "    my_interface.lattice_2 = my_interface.conv_lattice_2\n",
    "    \n",
    "    my_interface2 = core2(cif_filename, cif_filename)\n",
    "    my_interface2.parse_limit(du = 1e-4, S  =  1e-4, sgm1=max_sigma, sgm2=max_sigma, dd = 1e-4)\n",
    "    factor = element.getLatP()/(norm(my_interface2.conv_lattice_1[:,0]))\n",
    "    my_interface2.lattice_1 =  my_interface2.lattice_1*factor\n",
    "    my_interface2.lattice_2 =  my_interface2.lattice_2*factor\n",
    "    my_interface2.conv_lattice_1 =  my_interface2.conv_lattice_1*factor\n",
    "    my_interface2.conv_lattice_2 =  my_interface2.conv_lattice_2*factor\n",
    "    axis_cart = dot(my_interface2.conv_lattice_1, np.array(axis))\n",
    "\n",
    "    axis_pri = np.array(np.round(dot(inv(my_interface2.lattice_1), axis_cart),8),dtype = int)\n",
    "\n",
    "    thetas = get_thetas(axis,max_sigma)\n",
    "\n",
    "\n",
    "    for theta in thetas:\n",
    "        \n",
    "        my_interface.search_one_position(np.array(axis),theta-0.0000001,1,0.0000001)\n",
    "        my_interface2.search_one_position(axis_pri,theta-0.0000001,1,0.0000001)\n",
    "        n_1, n_2 = get_a_b(my_interface.CSL, dot(my_interface.lattice_1,np.array(axis)))\n",
    "        \n",
    "        get_gb_files(my_interface2,axis,n_1,element)\n",
    "        get_gb_files(my_interface2,axis,n_2,element)"
   ]
  },
  {
   "cell_type": "code",
   "execution_count": 11,
   "metadata": {},
   "outputs": [],
   "source": [
    "bcc_names = [\"Fe\",\"Nb\"]\n",
    "axises = [\"100\"]\n",
    "max_sigma = 100"
   ]
  },
  {
   "cell_type": "code",
   "execution_count": 38,
   "metadata": {},
   "outputs": [
    {
     "name": "stdout",
     "output_type": "stream",
     "text": [
      "Warning!, this programme will rewrite the POSCAR file in this dir!\n",
      "Warning!, this programme will rewrite the POSCAR file in this dir!\n",
      "[2.85100016e+00 0.00000000e+00 1.74573411e-16]\n",
      "rotation matrix = [[ 1.00000000e+00 -3.67394039e-17  1.22464679e-17]\n",
      " [ 3.67394039e-17  8.00000001e-01 -5.99999999e-01]\n",
      " [ 1.22464679e-17  5.99999999e-01  8.00000001e-01]]\n",
      "Congrates, we found an appx CSL!\n",
      "\n",
      "U1 = \n",
      "[[ 1  0  0]\n",
      " [ 0  1 -2]\n",
      " [ 0  2  1]]; sigma_1 = 5\n",
      "\n",
      "U2 = \n",
      "[[ 1  0  0]\n",
      " [ 0  2 -1]\n",
      " [ 0  1  2]]; sigma_2 = 5\n",
      "\n",
      "D = \n",
      "[[ 1.  0.  0.]\n",
      " [ 0.  1. -0.]\n",
      " [ 0.  0.  1.]]\n",
      "\n",
      "axis = [2.85100016e+00 0.00000000e+00 1.74573411e-16] ; theta = 36.86989755\n",
      "\n",
      "[2.85100016e+00 0.00000000e+00 2.22044605e-16]\n",
      "rotation matrix = [[ 1.00000000e+00 -4.67298334e-17  1.55766111e-17]\n",
      " [ 4.67298334e-17  8.00000001e-01 -5.99999999e-01]\n",
      " [ 1.55766111e-17  5.99999999e-01  8.00000001e-01]]\n",
      "Congrates, we found an appx CSL!\n",
      "\n",
      "U1 = \n",
      "[[ 1  1  1]\n",
      " [ 1  2 -1]\n",
      " [ 0  2  1]]; sigma_1 = 5\n",
      "\n",
      "U2 = \n",
      "[[1 0 1]\n",
      " [1 2 0]\n",
      " [0 1 2]]; sigma_2 = 5\n",
      "\n",
      "D = \n",
      "[[ 1.  0.  0.]\n",
      " [-0.  1. -0.]\n",
      " [-0.  0.  1.]]\n",
      "\n",
      "axis = [2.85100016e+00 0.00000000e+00 2.22044605e-16] ; theta = 36.86989755\n",
      "\n",
      "[-8.88178420e-16  2.85100016e+00  5.70200032e+00]\n",
      "[2.85100016e+00 0.00000000e+00 2.22044605e-16]\n",
      "[ 0.          5.70200032 -2.85100016]\n",
      "[[ 1  1  2]\n",
      " [-2  1  1]\n",
      " [-1  0  3]]\n",
      "[[ 2  1  1]\n",
      " [-1  1  2]\n",
      " [ 1  0  3]]\n",
      "num of atoms1 = 10\n",
      "[[ 1.02000483e+02  7.94410929e-16  8.37208730e-16]\n",
      " [ 9.08589579e-32  2.28080013e+01 -3.55271368e-15]\n",
      " [-6.02981243e-15 -9.86076132e-32  2.55001207e+01]]\n",
      "[ 8.88178420e-16  2.85100016e+00 -8.55300048e+00]\n",
      "[2.85100016e+00 0.00000000e+00 2.22044605e-16]\n",
      "[-8.88178420e-16  8.55300048e+00  2.85100016e+00]\n",
      "[[ 1  1 -3]\n",
      " [ 3  1  1]\n",
      " [ 4  0 -2]]\n",
      "[[-1  1 -3]\n",
      " [ 3  1 -1]\n",
      " [ 2  0 -4]]\n",
      "num of atoms1 = 20\n",
      "[[ 1.08187849e+02 -1.68520006e-15  1.52463209e-15]\n",
      " [ 4.68833860e-32  2.28080013e+01  6.66133815e-16]\n",
      " [-1.00689898e-15  9.86076132e-32  2.70469624e+01]]\n",
      "[2.85100016e+00 0.00000000e+00 1.74573411e-16]\n",
      "rotation matrix = [[ 1.00000000e+00 -2.35508999e-17  4.71017996e-18]\n",
      " [ 2.35508999e-17  9.23076924e-01 -3.84615383e-01]\n",
      " [ 4.71017996e-18  3.84615383e-01  9.23076924e-01]]\n",
      "Congrates, we found an appx CSL!\n",
      "\n",
      "U1 = \n",
      "[[ 1  0  0]\n",
      " [ 0  2 -3]\n",
      " [ 0  3  2]]; sigma_1 = 13\n",
      "\n",
      "U2 = \n",
      "[[ 1  0  0]\n",
      " [ 0  3 -2]\n",
      " [ 0  2  3]]; sigma_2 = 13\n",
      "\n",
      "D = \n",
      "[[ 1.  0.  0.]\n",
      " [ 0.  1. -0.]\n",
      " [-0.  0.  1.]]\n",
      "\n",
      "axis = [2.85100016e+00 0.00000000e+00 1.74573411e-16] ; theta = 22.61986485\n",
      "\n",
      "[2.85100016e+00 0.00000000e+00 2.22044605e-16]\n",
      "rotation matrix = [[ 1.00000000e+00 -2.99550214e-17  5.99100425e-18]\n",
      " [ 2.99550214e-17  9.23076924e-01 -3.84615383e-01]\n",
      " [ 5.99100425e-18  3.84615383e-01  9.23076924e-01]]\n",
      "Congrates, we found an appx CSL!\n",
      "\n",
      "U1 = \n",
      "[[ 1  0 -3]\n",
      " [ 1 -2  0]\n",
      " [ 0 -3 -2]]; sigma_1 = 13\n",
      "\n",
      "U2 = \n",
      "[[ 1  1 -3]\n",
      " [ 1 -2 -1]\n",
      " [ 0 -2 -3]]; sigma_2 = 13\n",
      "\n",
      "D = \n",
      "[[ 1.  0.  0.]\n",
      " [-0.  1. -0.]\n",
      " [-0.  0.  1.]]\n",
      "\n",
      "axis = [2.85100016e+00 0.00000000e+00 2.22044605e-16] ; theta = 22.61986485\n",
      "\n",
      "[-2.22044605e-16  5.70200032e+00  8.55300048e+00]\n",
      "[2.85100016e+00 0.00000000e+00 2.22044605e-16]\n",
      "[ 6.66133815e-16 -8.55300048e+00  5.70200032e+00]\n",
      "[[ 2  1  3]\n",
      " [-3  1  2]\n",
      " [-1  0  5]]\n",
      "[[ 3  1  2]\n",
      " [-2  1  3]\n",
      " [ 1  0  5]]\n",
      "num of atoms1 = 26\n",
      "[[ 1.02794273e+02  4.92672744e-16  8.56613121e-16]\n",
      " [ 3.17683307e-31  2.28080013e+01 -1.33226763e-15]\n",
      " [-2.12168006e-15 -1.97215226e-31  2.05588545e+01]]\n",
      "[ 4.44089210e-16 -2.85100016e+00  1.42550008e+01]\n",
      "[2.85100016e+00 0.00000000e+00 2.22044605e-16]\n",
      "[ 8.88178420e-16 -1.42550008e+01 -2.85100016e+00]\n",
      "[[-1  1  5]\n",
      " [-5  1 -1]\n",
      " [-6  0  4]]\n",
      "[[ 1  1  5]\n",
      " [-5  1  1]\n",
      " [-4  0  6]]\n",
      "num of atoms1 = 52\n",
      "[[ 1.01761138e+02  1.04511671e-15  3.94922095e-15]\n",
      " [ 4.15435811e-31  2.28080013e+01 -1.33226763e-15]\n",
      " [ 6.79705427e-16 -4.93038066e-32  2.90746109e+01]]\n",
      "[2.85100016e+00 0.00000000e+00 1.74573411e-16]\n",
      "rotation matrix = [[ 1.00000000e+00 -2.88152187e-17  7.20380465e-18]\n",
      " [ 2.88152187e-17  8.82352942e-01 -4.70588234e-01]\n",
      " [ 7.20380465e-18  4.70588234e-01  8.82352942e-01]]\n",
      "Congrates, we found an appx CSL!\n",
      "\n",
      "U1 = \n",
      "[[ 1  0  0]\n",
      " [ 0 -4  1]\n",
      " [ 0 -1 -4]]; sigma_1 = 17\n",
      "\n",
      "U2 = \n",
      "[[ 1  0  0]\n",
      " [ 0 -4 -1]\n",
      " [ 0  1 -4]]; sigma_2 = 17\n",
      "\n",
      "D = \n",
      "[[ 1.  0.  0.]\n",
      " [ 0.  1. -0.]\n",
      " [ 0.  0.  1.]]\n",
      "\n",
      "axis = [2.85100016e+00 0.00000000e+00 1.74573411e-16] ; theta = 28.07248684\n",
      "\n",
      "[2.85100016e+00 0.00000000e+00 2.22044605e-16]\n",
      "rotation matrix = [[ 1.00000000e+00 -3.66508497e-17  9.16271240e-18]\n",
      " [ 3.66508497e-17  8.82352942e-01 -4.70588234e-01]\n",
      " [ 9.16271240e-18  4.70588234e-01  8.82352942e-01]]\n",
      "Congrates, we found an appx CSL!\n",
      "\n",
      "U1 = \n",
      "[[ 1  1 -2]\n",
      " [ 1 -3 -1]\n",
      " [ 0 -1 -4]]; sigma_1 = 17\n",
      "\n",
      "U2 = \n",
      "[[ 1  2 -1]\n",
      " [ 1 -2 -2]\n",
      " [ 0  1 -4]]; sigma_2 = 17\n",
      "\n",
      "D = \n",
      "[[ 1.  0. -0.]\n",
      " [-0.  1. -0.]\n",
      " [ 0.  0.  1.]]\n",
      "\n",
      "axis = [2.85100016e+00 0.00000000e+00 2.22044605e-16] ; theta = 28.07248684\n",
      "\n",
      "[ 1.55431223e-15 -1.14040006e+01 -2.85100016e+00]\n",
      "[-2.85100016e+00  0.00000000e+00 -2.22044605e-16]\n",
      "[-2.22044605e-16  2.85100016e+00 -1.14040006e+01]\n",
      "[[-4 -1  1]\n",
      " [ 1 -1  4]\n",
      " [-3  0  5]]\n",
      "[[-4 -1 -1]\n",
      " [-1 -1  4]\n",
      " [-5  0  3]]\n",
      "num of atoms1 = 34\n",
      "[[ 1.05794773e+02 -8.61659633e-16  7.10422370e-16]\n",
      " [-1.31257632e-31  2.28080013e+01  2.22044605e-15]\n",
      " [-1.38984476e-15  1.97215226e-31  2.35099496e+01]]\n",
      "[-1.33226763e-15  8.55300048e+00  1.42550008e+01]\n",
      "[-2.85100016e+00  0.00000000e+00 -2.22044605e-16]\n",
      "[ 1.77635684e-15 -1.42550008e+01  8.55300048e+00]\n",
      "[[ 3 -1 -5]\n",
      " [-5 -1 -3]\n",
      " [-2  0 -8]]\n",
      "[[ 5 -1 -3]\n",
      " [-3 -1 -5]\n",
      " [ 2  0 -8]]\n",
      "num of atoms1 = 68\n",
      "[[ 1.16368314e+02 -9.13928054e-16 -7.46583598e-15]\n",
      " [ 3.65083085e-32  2.28080013e+01 -4.88498131e-15]\n",
      " [-8.32779929e-15  0.00000000e+00  3.32480896e+01]]\n",
      "[2.85100016e+00 0.00000000e+00 1.74573411e-16]\n",
      "rotation matrix = [[ 1.00000000e+00 -1.71450551e-17  2.44929357e-18]\n",
      " [ 1.71450551e-17  9.60000000e-01 -2.79999998e-01]\n",
      " [ 2.44929357e-18  2.79999998e-01  9.60000000e-01]]\n",
      "Congrates, we found an appx CSL!\n",
      "\n",
      "U1 = \n",
      "[[ 1  0  0]\n",
      " [ 0 -4 -3]\n",
      " [ 0  3 -4]]; sigma_1 = 25\n",
      "\n",
      "U2 = \n",
      "[[ 1  0  0]\n",
      " [ 0 -3 -4]\n",
      " [ 0  4 -3]]; sigma_2 = 25\n",
      "\n",
      "D = \n",
      "[[ 1.  0.  0.]\n",
      " [ 0.  1. -0.]\n",
      " [ 0.  0.  1.]]\n",
      "\n",
      "axis = [2.85100016e+00 0.00000000e+00 1.74573411e-16] ; theta = 16.26020461\n",
      "\n",
      "[2.85100016e+00 0.00000000e+00 2.22044605e-16]\n",
      "rotation matrix = [[ 1.00000000e+00 -2.18072555e-17  3.11532220e-18]\n",
      " [ 2.18072555e-17  9.60000000e-01 -2.79999998e-01]\n",
      " [ 3.11532220e-18  2.79999998e-01  9.60000000e-01]]\n",
      "Congrates, we found an appx CSL!\n",
      "\n",
      "U1 = \n",
      "[[ 1 -1 -3]\n",
      " [ 1 -4  1]\n",
      " [ 0 -4 -3]]; sigma_1 = 25\n",
      "\n",
      "U2 = \n",
      "[[ 1  0 -3]\n",
      " [ 1 -4  0]\n",
      " [ 0 -3 -4]]; sigma_2 = 25\n",
      "\n",
      "D = \n",
      "[[ 1.  0.  0.]\n",
      " [-0.  1. -0.]\n",
      " [-0.  0.  1.]]\n",
      "\n",
      "axis = [2.85100016e+00 0.00000000e+00 2.22044605e-16] ; theta = 16.26020461\n",
      "\n",
      "[-6.66133815e-16  1.14040006e+01 -8.55300048e+00]\n",
      "[2.85100016e+00 0.00000000e+00 2.22044605e-16]\n",
      "[-6.66133815e-16  8.55300048e+00  1.14040006e+01]\n",
      "[[ 4  1 -3]\n",
      " [ 3  1  4]\n",
      " [ 7  0  1]]\n",
      "[[ 3  1 -4]\n",
      " [ 4  1  3]\n",
      " [ 7  0 -1]]\n",
      "num of atoms1 = 50\n",
      "[[ 1.14040006e+02 -2.13162821e-15  3.75681705e-15]\n",
      " [-2.14770301e-31  2.28080013e+01 -4.44089210e-16]\n",
      " [-1.11722185e-14  0.00000000e+00  2.85100016e+01]]\n",
      "[-1.33226763e-15  1.99570011e+01  2.85100016e+00]\n",
      "[2.85100016e+00 0.00000000e+00 2.22044605e-16]\n",
      "[ 0.         -2.85100016 19.95700113]\n",
      "[[ 7  1  1]\n",
      " [-1  1  7]\n",
      " [ 6  0  8]]\n",
      "[[ 7  1 -1]\n",
      " [ 1  1  7]\n",
      " [ 8  0  6]]\n",
      "num of atoms1 = 100\n",
      "[[ 1.00798077e+02 -3.26579231e-15 -2.79718050e-15]\n",
      " [-3.01720521e-32  2.28080013e+01 -1.55431223e-15]\n",
      " [-1.34951279e-15  1.97215226e-31  2.01596155e+01]]\n",
      "[2.85100016e+00 0.00000000e+00 1.74573411e-16]\n",
      "rotation matrix = [[ 1.00000000e+00 -4.22291999e-17  1.68916799e-17]\n",
      " [ 4.22291999e-17  7.24137932e-01 -6.89655171e-01]\n",
      " [ 1.68916799e-17  6.89655171e-01  7.24137932e-01]]\n",
      "Congrates, we found an appx CSL!\n",
      "\n",
      "U1 = \n",
      "[[ 1  0  0]\n",
      " [ 0  5 -2]\n",
      " [ 0  2  5]]; sigma_1 = 29\n",
      "\n",
      "U2 = \n",
      "[[ 1  0  0]\n",
      " [ 0  5  2]\n",
      " [ 0 -2  5]]; sigma_2 = 29\n",
      "\n",
      "D = \n",
      "[[ 1.  0.  0.]\n",
      " [ 0.  1. -0.]\n",
      " [ 0.  0.  1.]]\n",
      "\n",
      "axis = [2.85100016e+00 0.00000000e+00 1.74573411e-16] ; theta = 43.60281887\n",
      "\n",
      "[2.85100016e+00 0.00000000e+00 2.22044605e-16]\n",
      "rotation matrix = [[ 1.00000000e+00 -5.37124523e-17  2.14849808e-17]\n",
      " [ 5.37124523e-17  7.24137932e-01 -6.89655171e-01]\n",
      " [ 2.14849808e-17  6.89655171e-01  7.24137932e-01]]\n",
      "Congrates, we found an appx CSL!\n",
      "\n",
      "U1 = \n",
      "[[ 1  2 -4]\n",
      " [ 1 -3 -2]\n",
      " [ 0 -2 -5]]; sigma_1 = 29\n",
      "\n",
      "U2 = \n",
      "[[ 1  4 -2]\n",
      " [ 1 -1 -4]\n",
      " [ 0  2 -5]]; sigma_2 = 29\n",
      "\n",
      "D = \n",
      "[[ 1.  0.  0.]\n",
      " [-0.  1. -0.]\n",
      " [-0.  0.  1.]]\n",
      "\n",
      "axis = [2.85100016e+00 0.00000000e+00 2.22044605e-16] ; theta = 43.60281887\n",
      "\n",
      "[-1.33226763e-15  1.42550008e+01  5.70200032e+00]\n",
      "[-2.85100016e+00  0.00000000e+00 -2.22044605e-16]\n",
      "[ 8.88178420e-16 -5.70200032e+00  1.42550008e+01]\n",
      "[[ 5 -1 -2]\n",
      " [-2 -1 -5]\n",
      " [ 3  0 -7]]\n",
      "[[ 5 -1  2]\n",
      " [ 2 -1 -5]\n",
      " [ 7  0 -3]]\n",
      "num of atoms1 = 58\n"
     ]
    },
    {
     "name": "stdout",
     "output_type": "stream",
     "text": [
      "[[ 1.07471740e+02  1.64930592e-15  2.26635146e-15]\n",
      " [-6.36443059e-32  2.28080013e+01 -3.55271368e-15]\n",
      " [ 5.88492399e-15  1.97215226e-31  3.07062115e+01]]\n",
      "[ 4.44089210e-16 -8.55300048e+00 -1.99570011e+01]\n",
      "[-2.85100016e+00  0.00000000e+00 -2.22044605e-16]\n",
      "[-2.22044605e-15  1.99570011e+01 -8.55300048e+00]\n",
      "[[-3 -1  7]\n",
      " [ 7 -1  3]\n",
      " [ 4  0 10]]\n",
      "[[-7 -1  3]\n",
      " [ 3 -1  7]\n",
      " [-4  0 10]]\n",
      "num of atoms1 = 116\n",
      "[[ 1.08562852e+02  6.99741240e-16 -5.95740499e-16]\n",
      " [ 8.82356517e-31  2.28080013e+01  2.88657986e-15]\n",
      " [ 5.35414635e-15  9.86076132e-32  2.17125703e+01]]\n",
      "[2.85100016e+00 0.00000000e+00 1.74573411e-16]\n",
      "rotation matrix = [[ 1.00000000e+00 -1.98591372e-17  3.30985618e-18]\n",
      " [ 1.98591372e-17  9.45945947e-01 -3.24324323e-01]\n",
      " [ 3.30985618e-18  3.24324323e-01  9.45945947e-01]]\n",
      "Congrates, we found an appx CSL!\n",
      "\n",
      "U1 = \n",
      "[[ 1  0  0]\n",
      " [ 0 -6  1]\n",
      " [ 0 -1 -6]]; sigma_1 = 37\n",
      "\n",
      "U2 = \n",
      "[[ 1  0  0]\n",
      " [ 0 -6 -1]\n",
      " [ 0  1 -6]]; sigma_2 = 37\n",
      "\n",
      "D = \n",
      "[[ 1.  0.  0.]\n",
      " [ 0.  1. -0.]\n",
      " [-0.  0.  1.]]\n",
      "\n",
      "axis = [2.85100016e+00 0.00000000e+00 1.74573411e-16] ; theta = 18.92464432\n",
      "\n",
      "[2.85100016e+00 0.00000000e+00 2.22044605e-16]\n",
      "rotation matrix = [[ 1.00000000e+00 -2.52593694e-17  4.20989487e-18]\n",
      " [ 2.52593694e-17  9.45945947e-01 -3.24324323e-01]\n",
      " [ 4.20989487e-18  3.24324323e-01  9.45945947e-01]]\n",
      "Congrates, we found an appx CSL!\n",
      "\n",
      "U1 = \n",
      "[[ 1  2 -3]\n",
      " [ 1 -4 -2]\n",
      " [ 0 -1 -6]]; sigma_1 = 37\n",
      "\n",
      "U2 = \n",
      "[[ 1  3 -2]\n",
      " [ 1 -3 -3]\n",
      " [ 0  1 -6]]; sigma_2 = 37\n",
      "\n",
      "D = \n",
      "[[ 1.  0.  0.]\n",
      " [ 0.  1. -0.]\n",
      " [ 0.  0.  1.]]\n",
      "\n",
      "axis = [2.85100016e+00 0.00000000e+00 2.22044605e-16] ; theta = 18.92464432\n",
      "\n",
      "[ 1.11022302e-15 -1.71060010e+01 -2.85100016e+00]\n",
      "[2.85100016e+00 0.00000000e+00 2.22044605e-16]\n",
      "[-2.22044605e-16 -2.85100016e+00  1.71060010e+01]\n",
      "[[-6  1 -1]\n",
      " [ 1  1 -6]\n",
      " [-5  0 -7]]\n",
      "[[-6  1  1]\n",
      " [-1  1 -6]\n",
      " [-7  0 -5]]\n",
      "num of atoms1 = 74\n",
      "[[ 1.04051742e+02  1.16812506e-15 -1.03608931e-15]\n",
      " [-1.24099403e-30  2.28080013e+01  3.99680289e-15]\n",
      " [ 1.92046425e-15  3.94430453e-31  3.46839139e+01]]\n",
      "[ 1.33226763e-15 -1.42550008e+01 -1.99570011e+01]\n",
      "[2.85100016e+00 0.00000000e+00 2.22044605e-16]\n",
      "[ 8.88178420e-16 -1.99570011e+01  1.42550008e+01]\n",
      "[[ -5   1  -7]\n",
      " [  7   1  -5]\n",
      " [  2   0 -12]]\n",
      "[[ -7   1  -5]\n",
      " [  5   1  -7]\n",
      " [ -2   0 -12]]\n",
      "num of atoms1 = 148\n",
      "[[ 1.22626154e+02 -2.06497288e-16 -1.39401855e-17]\n",
      " [-1.71106154e-31  2.28080013e+01  3.77475828e-15]\n",
      " [ 3.62427317e-16 -1.97215226e-31  2.45252307e+01]]\n",
      "[2.85100016e+00 0.00000000e+00 1.74573411e-16]\n",
      "rotation matrix = [[ 1.00000000e+00 -1.34412453e-17  1.49347168e-18]\n",
      " [ 1.34412453e-17  9.75609756e-01 -2.19512193e-01]\n",
      " [ 1.49347168e-18  2.19512193e-01  9.75609756e-01]]\n",
      "Congrates, we found an appx CSL!\n",
      "\n",
      "U1 = \n",
      "[[ 1  0  0]\n",
      " [ 0  4 -5]\n",
      " [ 0  5  4]]; sigma_1 = 41\n",
      "\n",
      "U2 = \n",
      "[[ 1  0  0]\n",
      " [ 0  5 -4]\n",
      " [ 0  4  5]]; sigma_2 = 41\n",
      "\n",
      "D = \n",
      "[[ 1.  0.  0.]\n",
      " [ 0.  1. -0.]\n",
      " [ 0.  0.  1.]]\n",
      "\n",
      "axis = [2.85100016e+00 0.00000000e+00 1.74573411e-16] ; theta = 12.68038339\n",
      "\n",
      "[2.85100016e+00 0.00000000e+00 2.22044605e-16]\n",
      "rotation matrix = [[ 1.00000000e+00 -1.70962804e-17  1.89958670e-18]\n",
      " [ 1.70962804e-17  9.75609756e-01 -2.19512193e-01]\n",
      " [ 1.89958670e-18  2.19512193e-01  9.75609756e-01]]\n",
      "Congrates, we found an appx CSL!\n",
      "\n",
      "U1 = \n",
      "[[ 1 -5  1]\n",
      " [ 1  0  5]\n",
      " [ 0 -4  5]]; sigma_1 = 41\n",
      "\n",
      "U2 = \n",
      "[[ 1 -5  0]\n",
      " [ 1 -1  5]\n",
      " [ 0 -5  4]]; sigma_2 = 41\n",
      "\n",
      "D = \n",
      "[[ 1.  0.  0.]\n",
      " [-0.  1. -0.]\n",
      " [-0.  0.  1.]]\n",
      "\n",
      "axis = [2.85100016e+00 0.00000000e+00 2.22044605e-16] ; theta = 12.68038339\n",
      "\n",
      "[-1.55431223e-15  1.14040006e+01  1.42550008e+01]\n",
      "[2.85100016e+00 0.00000000e+00 2.22044605e-16]\n",
      "[-2.22044605e-16  1.42550008e+01 -1.14040006e+01]\n",
      "[[ 4  1  5]\n",
      " [-5  1  4]\n",
      " [-1  0  9]]\n",
      "[[ 5  1  4]\n",
      " [-4  1  5]\n",
      " [ 1  0  9]]\n",
      "num of atoms1 = 82\n",
      "[[ 1.09531849e+02  2.77420330e-16 -3.06551062e-17]\n",
      " [ 3.15488808e-31  2.28080013e+01 -3.99680289e-15]\n",
      " [ 8.81583362e-15  3.94430453e-31  3.65106165e+01]]\n",
      "[ 1.33226763e-15  2.85100016e+00 -2.56590014e+01]\n",
      "[2.85100016e+00 0.00000000e+00 2.22044605e-16]\n",
      "[ 1.77635684e-15 -2.56590014e+01 -2.85100016e+00]\n",
      "[[ 1  1 -9]\n",
      " [ 9  1  1]\n",
      " [10  0 -8]]\n",
      "[[ -1   1  -9]\n",
      " [  9   1  -1]\n",
      " [  8   0 -10]]\n",
      "num of atoms1 = 164\n",
      "[[ 1.03267618e+02 -2.15782376e-15  3.29102443e-15]\n",
      " [ 1.49294116e-31  2.28080013e+01  1.55431223e-15]\n",
      " [ 2.86313828e-16 -2.46519033e-32  2.58169045e+01]]\n",
      "[2.85100016e+00 0.00000000e+00 1.74573411e-16]\n",
      "rotation matrix = [[ 1.00000000e+00 -3.23491606e-17  9.24261730e-18]\n",
      " [ 3.23491606e-17  8.49056605e-01 -5.28301885e-01]\n",
      " [ 9.24261730e-18  5.28301885e-01  8.49056605e-01]]\n",
      "Congrates, we found an appx CSL!\n",
      "\n",
      "U1 = \n",
      "[[ 1  0  0]\n",
      " [ 0  7 -2]\n",
      " [ 0  2  7]]; sigma_1 = 53\n",
      "\n",
      "U2 = \n",
      "[[ 1  0  0]\n",
      " [ 0  7  2]\n",
      " [ 0 -2  7]]; sigma_2 = 53\n",
      "\n",
      "D = \n",
      "[[ 1.  0.  0.]\n",
      " [ 0.  1. -0.]\n",
      " [ 0.  0.  1.]]\n",
      "\n",
      "axis = [2.85100016e+00 0.00000000e+00 1.74573411e-16] ; theta = 31.8907917\n",
      "\n",
      "[2.85100016e+00 0.00000000e+00 2.22044605e-16]\n",
      "rotation matrix = [[ 1.00000000e+00 -4.11457653e-17  1.17559329e-17]\n",
      " [ 4.11457653e-17  8.49056605e-01 -5.28301885e-01]\n",
      " [ 1.17559329e-17  5.28301885e-01  8.49056605e-01]]\n",
      "Congrates, we found an appx CSL!\n",
      "\n",
      "U1 = \n",
      "[[ 1  2 -4]\n",
      " [ 1 -5 -2]\n",
      " [ 0 -2 -7]]; sigma_1 = 53\n",
      "\n",
      "U2 = \n",
      "[[ 1  4 -2]\n",
      " [ 1 -3 -4]\n",
      " [ 0  2 -7]]; sigma_2 = 53\n",
      "\n",
      "D = \n",
      "[[ 1.  0.  0.]\n",
      " [-0.  1. -0.]\n",
      " [-0.  0.  1.]]\n",
      "\n",
      "axis = [2.85100016e+00 0.00000000e+00 2.22044605e-16] ; theta = 31.8907917\n",
      "\n",
      "[ 1.99840144e-15 -1.99570011e+01 -5.70200032e+00]\n",
      "[-2.85100016e+00  0.00000000e+00 -2.22044605e-16]\n",
      "[ 1.11022302e-15 -5.70200032e+00  1.99570011e+01]\n",
      "[[-7 -1  2]\n",
      " [ 2 -1  7]\n",
      " [-5  0  9]]\n",
      "[[-7 -1 -2]\n",
      " [-2 -1  7]\n",
      " [-9  0  5]]\n",
      "num of atoms1 = 106\n",
      "[[ 1.03777972e+02 -1.70800964e-15  1.39424046e-15]\n",
      " [-3.24075554e-32  2.28080013e+01  2.66453526e-15]\n",
      " [-2.39296043e-16  3.94430453e-31  2.07555945e+01]]\n",
      "[ 8.88178420e-16 -1.42550008e+01 -2.56590014e+01]\n",
      "[-2.85100016e+00  0.00000000e+00 -2.22044605e-16]\n",
      "[-3.10862447e-15  2.56590014e+01 -1.42550008e+01]\n",
      "[[-5 -1  9]\n",
      " [ 9 -1  5]\n",
      " [ 4  0 14]]\n",
      "[[-9 -1  5]\n",
      " [ 5 -1  9]\n",
      " [-4  0 14]]\n",
      "num of atoms1 = 212\n",
      "[[ 1.17411373e+02  8.62675142e-16 -1.46727823e-15]\n",
      " [-6.95334740e-32  2.28080013e+01  2.44249065e-15]\n",
      " [-1.84750326e-15  1.97215226e-31  2.93528432e+01]]\n",
      "[2.85100016e+00 0.00000000e+00 1.74573411e-16]\n",
      "rotation matrix = [[ 1.00000000e+00 -1.10418973e-17  1.00380883e-18]\n",
      " [ 1.10418973e-17  9.83606558e-01 -1.80327867e-01]\n",
      " [ 1.00380883e-18  1.80327867e-01  9.83606558e-01]]\n",
      "Congrates, we found an appx CSL!\n",
      "\n",
      "U1 = \n",
      "[[ 1  0  0]\n",
      " [ 0 -6 -5]\n",
      " [ 0  5 -6]]; sigma_1 = 61\n",
      "\n",
      "U2 = \n",
      "[[ 1  0  0]\n",
      " [ 0 -5 -6]\n",
      " [ 0  6 -5]]; sigma_2 = 61\n",
      "\n",
      "D = \n",
      "[[ 1.  0.  0.]\n",
      " [ 0.  1. -0.]\n",
      " [-0.  0.  1.]]\n",
      "\n",
      "axis = [2.85100016e+00 0.00000000e+00 1.74573411e-16] ; theta = 10.38885772\n",
      "\n",
      "[2.85100016e+00 0.00000000e+00 2.22044605e-16]\n",
      "rotation matrix = [[ 1.00000000e+00 -1.40444854e-17  1.27677138e-18]\n",
      " [ 1.40444854e-17  9.83606558e-01 -1.80327867e-01]\n",
      " [ 1.27677138e-18  1.80327867e-01  9.83606558e-01]]\n",
      "Congrates, we found an appx CSL!\n",
      "\n",
      "U1 = \n",
      "[[ 1 -6  1]\n",
      " [ 1  0  6]\n",
      " [ 0 -5  6]]; sigma_1 = 61\n",
      "\n",
      "U2 = \n",
      "[[ 1 -6  0]\n",
      " [ 1 -1  6]\n",
      " [ 0 -6  5]]; sigma_2 = 61\n",
      "\n",
      "D = \n",
      "[[ 1.  0.  0.]\n",
      " [-0.  1. -0.]\n",
      " [-0.  0.  1.]]\n",
      "\n",
      "axis = [2.85100016e+00 0.00000000e+00 2.22044605e-16] ; theta = 10.38885772\n",
      "\n",
